10
49
93
124
132
133
180
231
239
291
330
344
363
371
373
408
413
431
449
457
466
471
475
521
531
672
676
732
773
777
788
814
900
926
973
982
1042
1045
1081
1108
1118
1150
1162
1187
1190
1194
1217
1235
1239
1253
1265
1289
1306
1322
1332
1344
1373
1446
1474
1504
1515
1551
1616
1705
1725
1773
1788
1805
1922
1924
1929
2041
2044
2050
2111
2134
2199
2219
2227
2238
2244
2273
2278
2282
2330
2337
2363
2366
2372
2375
2383
2459
2461
2496
2500
2502
2557
2727
2735
2765
2806
2851
2855
2866
2885
2894
2911
2936
3018
3043
3048
3059
3060
3199
3222
3251
3294
3311
3331
3357
3373
3459
3518
3519
3524
3527
3579
3588
