40059
40088
40096
40112
40127
40130
40138
40144
40147
40152
40171
40176
40180
40183
40210
40217
40224
40233
40244
40306
40307
40318
40376
40386
40456
40469
40472
40502
40516
40545
40578
40592
40611
40627
40654
40690
40698
40701
40775
40829
40860
40877
40909
40920
40943
40945
40948
40967
41022
41038
41123
41139
41210
41255
41373
41386
41393
41395
41439
41440
41467
41482
41516
41529
41536
41549
41560
41562
41572
41635
41638
41643
41711
41744
41810
41829
41838
41844
41850
41892
41935
41955
41960
41961
41978
41987
42018
42051
42085
42105
42131
42135
42137
42155
42163
42166
42188
42210
42215
42230
42237
42248
42255
42291
42299
42346
42373
42378
42379
42389
42400
42415
42422
42423
42436
42455
42462
42478
42491
42557
42587
42596
42662
42668
42669
42690
42693
42710
42730
42825
42868
42889
42957
42966
42969
42988
43075
43119
43166
43184
43201
43256
43274
43282
43309
43338
43379
43387
43394
43452
43493
43512
43529
43571
43593
43596
43601
43650
43722
43724
43728
43784
43808
43819
43850
43851
43893
43933
43973
43979
44025
44046
44060
44078
44117
44131
44143
44159
44209
44216
44237
44245
44248
44285
44288
44304
44343
44441
44474
44496
44505
44513
44524
44529
44585
44591
44603
44626
44628
44631
44669
44672
44687
44697
44712
44726
44746
44764
44783
44789
44882
44927
44947
44956
44969
44971
44974
44978
45008
45015
45026
45036
45045
45064
45106
45141
45158
45208
45214
45234
45239
45261
45281
45303
45309
45313
45315
45323
45392
45417
45427
45444
45452
45458
45471
45519
45531
45613
45643
45645
45665
45699
45700
45713
45717
45724
45739
45774
45847
45888
45898
45949
45993
45994
46069
46077
46093
46105
46171
46175
46219
46232
46239
46240
46274
46277
46287
46297
46323
46335
46348
46390
46436
46494
46495
46502
46505
46508
46535
46581
46630
46670
46713
46717
46734
46776
46784
46798
46803
46818
46819
46828
46829
46889
46918
46937
47003
47004
47013
47032
47063
47094
47104
47145
47163
47176
47203
47230
47248
47249
47270
47282
47291
47296
47314
47329
47331
47341
47360
47372
47408
47409
47441
47450
47454
47511
47512
47514
47548
47627
47632
47657
47711
47716
47730
47765
47820
47836
47856
47859
47866
47896
47958
47971
48001
48006
48018
48020
48021
48030
48056
48086
48098
48099
48108
48120
48127
48176
48177
48279
48288
48310
48322
48344
48381
48384
48407
48412
48415
48429
48448
48546
48613
48675
48692
48726
48730
48785
48819
48824
48866
48869
48879
48903
48934
48936
48943
48949
48957
48961
48964
48971
48977
49018
49038
49055
49097
49124
49132
49160
49163
49207
49238
49239
49272
49293
49304
49318
49331
49335
49385
49389
49412
49505
49512
49529
49553
49589
49607
49624
49660
49661
49678
49679
49696
49697
49704
49730
49731
49775
49796
49842
49855
49863
49900
49927
49934
49938
49955
49987
49990
50043
50107
50172
50190
50256
50260
50307
50318
50321
50349
50352
50386
50392
50404
50405
50408
50429
50439
50496
50527
50549
50556
50608
50616
50625
50626
50659
50663
50679
50700
50724
50750
50774
50792
50807
50829
50874
50896
50917
50923
50935
50942
51082
51086
51094
51097
51121
51143
51146
51154
51195
51197
51207
51216
51218
51233
51269
51278
51280
51384
51390
51392
51400
51443
51546
51560
51580
51582
51609
51615
51642
51656
51676
51693
51702
51706
51719
51726
51728
51774
51794
51798
51809
51825
51826
51828
51836
51860
51864
51889
51899
51900
51911
51925
51941
52014
52048
52065
52089
52094
52110
52179
52233
52286
52296
52307
52308
52339
52351
52401
52402
52420
52448
52535
52542
52543
52547
52601
52623
52687
52717
52743
52758
52764
52772
52779
52805
52823
52857
52860
52861
52886
52889
52905
52939
52999
53057
53073
53074
53081
53109
53132
53169
53185
53193
53301
53316
53335
53347
53352
53354
53380
53384
53403
53411
53465
53485
53500
53515
53521
53532
53555
53565
53574
53575
53581
53584
53588
53630
53657
53826
53832
53834
53850
53854
53859
53876
53883
53950
53956
53970
53987
53990
54034
54089
54143
54144
54146
54156
54158
54174
54180
54206
54212
54225
54235
54249
54252
54255
54268
54303
54308
54334
54351
54362
54368
54370
54371
54381
54454
54474
54478
54504
54512
54514
54539
54543
54560
54561
54596
54617
54628
54635
54655
54709
54713
54752
54769
54832
54926
54950
54991
55013
55071
55084
55091
55119
55139
55174
55198
55210
55217
55244
55267
55276
55325
55327
55328
55330
55333
55349
55381
55421
55441
55442
55451
55464
55482
55496
55530
55566
55573
55580
55590
55595
55600
55657
55684
55692
55727
55766
55785
55788
55833
55857
55878
55893
55915
55987
55993
56010
56019
56028
56048
56063
56065
56114
56117
56128
56176
56188
56197
56230
56235
56267
56285
56308
56315
56316
56324
56334
56359
56389
56415
56460
56495
56529
56532
56537
56540
56594
56602
56665
56700
56719
56737
56756
56765
56784
56785
56787
56809
56816
56831
56870
56921
56934
57027
57028
57043
57056
57057
57074
57075
57099
57155
57191
57209
57213
57236
57279
57330
57354
57367
57370
57375
57385
57392
57440
57444
57450
57463
57464
57471
57479
57485
57490
57492
57496
57507
57513
57516
57523
57644
57656
57677
57710
57729
57735
57783
57795
57796
57808
57809
57812
57821
57855
57903
57929
58023
58033
58102
58103
58119
58134
58141
58143
58171
58193
58199
58217
58229
58232
58289
58293
58297
58302
58308
58311
58368
58380
58416
58430
58452
58486
58487
58496
58497
58505
58506
58516
58519
58545
58562
58575
58605
58610
58612
58619
58623
58634
58636
58637
58649
58713
58786
58800
58819
58848
58878
58894
58941
58964
59028
59056
59068
59077
59120
59134
59140
59157
59188
59191
59237
59242
59265
59276
59293
59340
59348
59359
59363
59371
59386
59394
59400
59413
59427
59433
59451
59497
59536
59558
59585
59593
59598
59623
59709
59718
59721
59723
59802
59809
59855
59902
59945
59958
59980
